9938.551	26609.31
9958.4		26620.32
9978.25		25401.82
9998.099	24063.04
10017.949	24783.64
10037.799	27031.56
10057.648	27314.7
10077.497	25053.77
10097.347	22816.51
10117.196	23374.2
10137.046	24885.59
10156.896	25128.46
10176.745	24466.76
10196.595	24181.35
10216.444	24625.58
10236.293	26613.83
10256.143	30168.1
10275.993	32815.09
10295.842	32779.37
10315.692	29726.52
10335.541	26407.83
10355.39	27841.38
10375.24	31471.31
10395.09	31960.15
10414.939	29741.17
10434.789	28740.34
