9938.551	28328.58
9958.4		27877.39
9978.25		26411.46
9998.099	25862.33
10017.949	26529.75
10037.799	27665.02
10057.648	28164.14
10077.497	27061.08
10097.347	25840.28
10117.196	25599.54
10137.046	25949.97
10156.896	26223.48
10176.745	25941.35
10196.595	25977.19
10216.444	26953.9
10236.293	28591.8
10256.143	30007.68
10275.993	30858.44
10295.842	30672.3
10315.692	29905.25
10335.541	28811.79
10355.39	27749.19
10375.24	27143.41
10395.09	26662.33
10414.939	26385.88
10434.789	26820.33

