9938.551	28329.06
9958.4		27685.3
9978.25		26363.72
9998.099	26203.45
10017.949	26978.57
10037.799	27836.69
10057.648	27859.32
10077.497	26751.64
10097.347	26028.22
10117.196	26061.96
10137.046	26308.8
10156.896	26309.75
10176.745	26016.32
10196.595	26347.24
10216.444	27401.64
10236.293	28845.61
10256.143	29874.33
10275.993	30280.92
10295.842	29708.89
10315.692	28884.44
10335.541	28057.86
10355.39	27495.2
10375.24	27145.38
10395.09	26608.75
10414.939	26219.03
10434.789	26639.21
